1.01 0.832503
0.95 0.832503
0.91 0.832503
0.86 0.833768
0.83 0.833632
0.79 0.833242
0.77 0.834703
0.76 0.835287
0.74 0.834878
0.73 0.835579
0.73 0.835481
0.72 0.835404
0.71 0.836124
0.71 0.837097
0.70 0.837584
0.70 0.838967
0.69 0.840329
0.69 0.841167
0.68 0.842744
0.68 0.844145
0.67 0.845197
0.67 0.847631
0.67 0.849928
0.66 0.851875
0.66 0.853744
0.66 0.855827
0.65 0.857988
0.65 0.859351
0.65 0.861435
0.65 0.863576
0.65 0.865095
0.65 0.866224
0.65 0.868327
0.65 0.870235
0.65 0.871890
0.65 0.872805
0.65 0.875141
0.65 0.875706
0.65 0.876504
0.65 0.877302
0.65 0.878354
0.65 0.879016
0.65 0.879580
0.65 0.880378
0.65 0.881352
0.65 0.881780
0.65 0.882287
0.65 0.882773
0.65 0.883026
0.65 0.883279
0.65 0.883377
0.65 0.883902
0.65 0.884214
0.65 0.884097
0.65 0.884233
0.65 0.884545
0.65 0.884584
0.65 0.884876
0.65 0.885012
0.65 0.885110
0.65 0.885110
0.65 0.885168
0.65 0.885187
0.65 0.885246
0.65 0.885207
0.65 0.885246
0.65 0.885324
0.65 0.885265
0.65 0.885265
0.65 0.885285
0.65 0.885246
0.65 0.885265
0.65 0.885363
0.65 0.885382
0.65 0.885460
0.65 0.885499
0.65 0.885538
0.65 0.885674
0.65 0.885733
0.65 0.885791
0.65 0.885830
0.65 0.885830
0.65 0.885947
0.65 0.885908
0.65 0.886025
0.65 0.886005
0.65 0.886064
0.65 0.886122
0.65 0.886161
