0.61 0.922959 0.394026
0.58 0.942857 0.443245
0.57 0.947062 0.455637
0.58 0.950119 0.459441
0.60 0.948620 0.458481
0.62 0.949340 0.457250
0.63 0.949924 0.458226
0.58 0.951793 0.463803
0.57 0.952241 0.463076
0.70 0.950995 0.523669
0.58 0.952922 0.528164
0.59 0.953098 0.528981
0.59 0.953195 0.506055
0.59 0.953253 0.529700
0.62 0.952299 0.504643
0.59 0.952864 0.521250
0.60 0.952377 0.504499
0.62 0.952903 0.497620
0.62 0.953137 0.510588
0.64 0.953020 0.510526
0.64 0.953545 0.490973
0.65 0.953506 0.508742
0.65 0.953682 0.512304
0.63 0.953779 0.510633
0.63 0.953760 0.512402
