0.63 0.905339 0.358504
0.45 0.932090 0.409196
0.44 0.942370 0.431476
0.43 0.947179 0.442903
0.43 0.950158 0.451020
0.37 0.952105 0.452166
0.39 0.953565 0.455173
0.50 0.951443 0.454620
0.45 0.955512 0.461230
0.41 0.955901 0.527479
0.42 0.956485 0.463110
0.41 0.955453 0.462601
0.50 0.955609 0.463290
0.43 0.956252 0.464088
0.41 0.956505 0.464535
0.52 0.954850 0.461491
0.51 0.953974 0.460937
0.52 0.955376 0.461360
0.59 0.955999 0.463740
0.52 0.956466 0.467760
0.52 0.954402 0.459837
0.54 0.953604 0.458224
0.57 0.955395 0.462947
0.59 0.951735 0.454557
0.55 0.956271 0.530745
0.61 0.952825 0.524108
0.57 0.954305 0.461174
0.59 0.955259 0.462126
0.55 0.955668 0.462467
0.61 0.954227 0.458969
